eng_latn: 1.00
nob_latn: 0.9976190383
swe_latn: 1.020981292
isl_latn: 1.154319145
dan_latn: 1.021065783
ell_grek: 1.76699504
deu_latn: 1.053648018
tur_latn: 1.044489573
arb_arab: 1.465017978
est_latn: 0.9677856419